 697825 1
 565259 10
1221333 11
 360086 12
 467818 13
 387210 14
 437705 15
 360933 16
 517655 17
 290544 18
 572418 19
2790680 2
 547898 3
 590172 4
 562317 5
 511085 6
1114909 7
 577158 8
 627395 9
      5 GL456210.1
      6 GL456211.1
      4 GL456212.1
      4 GL456221.1
    656 GL456233.2
      1 GL456239.1
      1 GL456354.1
      3 GL456367.1
      3 GL456368.1
     21 GL456370.1
      2 GL456379.1
      1 GL456382.1
      1 GL456383.1
      1 GL456389.1
      1 GL456390.1
     17 GL456396.1
    112 JH584295.1
      3 JH584299.1
    294 JH584304.1
 202858 MT
      3 MU069434.1
   5485 MU069435.1
 317805 X
   2251 Y
